3.935972899476789522e+00 1.604267635041491502e+00
1.611821484291869222e+00 5.280025641940595982e+00
3.997005076909796006e+00 2.167041519789294934e+00
2.722558382745498218e+00 1.532240947623912719e+00
2.582403046497893762e+00 3.008775784520420160e+00
5.224027265680359911e-01 -1.739819113958711305e-01
-1.372729187272515028e-01 1.047726530056429128e+00
4.129368418869617585e+00 3.310618664392920074e+00
2.058160562790215309e+00 1.879864945967811840e+00
3.783866257560355439e+00 2.421142043004679500e+00
1.944595855937402584e+00 3.814291471798289646e+00
-6.888522992989304372e-01 1.402126135403893858e+00
4.225988839963022770e+00 2.306299171597607334e+00
2.461781316076780524e+00 3.096052511938842677e+00
-1.111267384963396720e+00 2.378363775291839621e-01
1.477312729166325944e+00 4.861837021668462988e+00
6.677705604759557323e-01 8.481768598182879426e-01
-9.823395787622845043e-01 1.677572406805449168e+00
-1.320851634626901916e+00 8.508415541812108795e-01
2.275739219377078015e+00 2.417154018042329433e+00
-9.524432377567644270e-01 -1.479675242183683403e-01
-5.200876516450795295e-01 2.063358986468893708e+00
-8.072546965007374453e-01 1.453383650735875054e+00
4.080087199189461167e+00 1.967934866382531123e+00
-2.428036745716727896e-01 8.649279748134646173e-01
2.432748146212830420e+00 1.746306909939490781e+00
1.928110988237880630e+00 2.888449270595752072e+00
4.731000901236870781e+00 1.314770934353341358e+00
-7.311252802571496234e-01 1.222081123730045960e+00
9.743630580462590007e-01 6.624044373036660494e-01
-4.495276306476292394e-01 1.614175627369304422e+00
1.970916265849744775e+00 2.177161198673878584e+00
-7.253103356050058181e+00 2.402935389298014979e+00
4.521052010243886699e+00 2.015472178682115256e+00
-3.176022388074183356e-01 1.354329757868219186e+00
1.713047348115958268e+00 5.408201793035654958e+00
-1.631157352238720160e+00 2.257451594483980806e+00
2.236709814836387977e+00 2.714352803779341627e+00
6.914854778352264031e-01 1.134159690359662631e-01
1.587943073477648959e+00 1.269453868700423760e+00
4.291997228007334186e+00 1.721111538952940112e+00
2.532803060793802352e+00 3.244235838049306153e+00
6.553300113867808196e-01 -4.981865416991956841e-02
-3.124819986895919777e-01 1.907269113501472990e+00
3.841783950095819744e+00 2.775991928342383286e+00
-8.360458949451181621e-01 1.439611549047773664e+00
1.031312097228834546e+00 6.258053089674364688e-01
1.499103231674735248e+00 -1.578047707257461962e-01
-8.220013869330835554e-01 8.183569887256809672e-01
-6.237143376860698751e-01 1.343585184444190173e+00
-8.437173085779026138e-02 1.713106065229599517e+00
-5.185986319232593900e-02 1.413701598299672124e+00
-6.787233896431930091e+00 1.965268670387187111e+00
3.995961342874187139e+00 2.734538758543449077e+00
-1.733966926984024770e+00 -8.339168579531275327e-02
2.127568638952191726e+00 3.667752760146012037e+00
-9.248429480418292048e-01 2.291456370776221885e+00
4.261208512810147120e+00 1.746441472585288368e+00
-7.513023769525741358e+00 2.237940199239759398e+00
9.849219320551543255e-01 3.802566093891419086e-01
4.078012379787964159e-01 1.559506554038405213e+00
4.213774144461083893e+00 1.898606881436080585e+00
-5.522502445216362910e-01 1.370471745291851118e+00
4.402725564118830981e+00 1.737166501382727990e+00
-1.133717845871495378e+00 1.308525585972107885e+00
-1.702007918869700376e+00 1.132351790746764841e+00
-7.669183743544729648e-01 -1.671435993011994858e-01
1.906663327425116794e+00 2.461923861888528631e+00
1.339760089860433601e+00 3.601587809638765458e-01
-1.333789882964390383e+00 2.108199376142711134e+00
2.832370567380812609e+00 1.589987752697495704e+00
3.930954875847409991e+00 2.378107064880651045e+00
-6.954766328875006121e-02 1.650521511792353291e+00
7.395055338917366772e-01 7.411554922219816544e-02
2.437092367968832995e+00 3.554320372877925571e+00
1.937573605335088267e+00 2.798253647201632166e+00
4.447495622845278440e+00 2.400884416090582008e+00
-9.926202474353202909e-01 1.991676929736942991e+00
2.299484807596638536e+00 2.907090857088778790e+00
4.108673080319071858e+00 2.029283276402046532e+00
1.738898370664466064e+00 3.281270790851778862e+00
1.765403286268010463e+00 4.001550816288456325e+00
-9.624272973411458487e-01 2.215180982058165160e+00
-1.769211735235525218e+00 1.446112522532976730e+00
2.404530361464124688e+00 1.893058817099855462e+00
2.365651811619214229e+00 2.589843584879196747e+00
2.071433917893191978e+00 4.282641280670246964e+00
-1.114309701314890599e+00 2.815327862530288439e+00
3.001920557080221208e+00 -1.007676741091145800e-02
3.749358344856635217e+00 2.615832550000449785e+00
1.738005869256718849e+00 3.903372866474630776e+00
-5.066758320534683335e-01 1.786488705543174405e+00
-5.275216320629443345e-01 6.763039817820937216e-02
-9.904591514975260580e-01 1.069251452476661424e+00
-3.887115097710163170e+00 -1.460987879427193770e+00
4.648435983893087098e+00 1.813533458698808554e+00
2.125923931084230833e+00 2.619106772941443673e+00
-6.469120554185055383e+00 2.312141911427529450e+00
-1.169528915661278257e+00 1.558989133851881315e+00
-8.649722485498785307e-01 2.586825574420227092e+00
